   4.6500000e-01   8.0000000e-02
   4.8700000e-01   9.0000000e-02
   5.0800000e-01   9.0000000e-02
   5.2900000e-01   1.6000000e-01
   5.5000000e-01   7.6400000e+00
   5.7200000e-01   7.6200000e+00
   5.9200000e-01   8.1600000e+00
   6.1400000e-01   8.3800000e+00
   6.3500000e-01   8.3900000e+00
   6.5600000e-01   8.3700000e+00
   6.7700000e-01   8.3900000e+00
   6.9900000e-01   8.3700000e+00
   7.2000000e-01   8.3700000e+00
   7.4100000e-01   8.3800000e+00
   7.6200000e-01   8.3700000e+00
   7.8400000e-01   8.3700000e+00
   8.0400000e-01   8.3600000e+00
   8.2600000e-01   8.3900000e+00
   8.4700000e-01   8.3700000e+00
   8.6800000e-01   8.3800000e+00
   8.8900000e-01   8.3600000e+00
   9.1100000e-01   8.3800000e+00
   9.3200000e-01   8.3700000e+00
   9.5300000e-01   8.3700000e+00
   9.7400000e-01   8.3700000e+00
   9.9600000e-01   8.3700000e+00
   1.0160000e+00   8.3800000e+00
   1.0380000e+00   8.3600000e+00
