   0.0000000e+00   0.0000000e+00
   1.9000000e-02   7.5000000e+02
   3.9000000e-02   1.7343800e+03
   5.9000000e-02   2.6250000e+03
   7.9000000e-02   3.5625000e+03
   9.9000000e-02   4.5000000e+03
   1.1900000e-01   5.3906200e+03
   1.3900000e-01   6.4218700e+03
   1.5900000e-01   7.3125000e+03
   1.7900000e-01   8.2968700e+03
   1.9900000e-01   9.2343700e+03
   2.1900000e-01   9.9843700e+03
   2.3900000e-01   1.0640620e+04
   2.6000000e-01   1.1015620e+04
   2.7900000e-01   1.1343750e+04
   3.0000000e-01   1.1578120e+04
   3.1900000e-01   1.1765620e+04
   3.3900000e-01   1.1906250e+04
   3.5900000e-01   1.2000000e+04
   3.7900000e-01   1.2093750e+04
   3.9900000e-01   1.2140620e+04
   4.1900000e-01   1.2187500e+04
   4.3900000e-01   1.2187500e+04
   4.7900000e-01   1.2281250e+04
   4.9900000e-01   1.2281250e+04
   5.2000000e-01   1.2281250e+04
   5.3900000e-01   1.2328120e+04
   5.6000000e-01   1.2328120e+04
   5.7900000e-01   1.2328120e+04
   6.0000000e-01   1.2328120e+04
   6.1900000e-01   1.2375000e+04
   6.4000000e-01   1.2328120e+04
   6.5900000e-01   1.2328120e+04
   6.7900000e-01   1.2375000e+04
   6.9900000e-01   1.2328120e+04
   7.1900000e-01   1.2375000e+04
   7.3900000e-01   1.2328120e+04
   7.5900000e-01   1.2375000e+04
   7.7900000e-01   1.2328120e+04
   7.9900000e-01   1.2375000e+04
   8.2000000e-01   1.2328120e+04
   8.3900000e-01   1.2375000e+04
   8.7900000e-01   1.2375000e+04
   9.0000000e-01   1.2375000e+04
   9.1900000e-01   1.2328120e+04
   9.4000000e-01   1.2375000e+04
   9.5900000e-01   1.2328120e+04
   9.7900000e-01   1.2375000e+04
   9.9900000e-01   1.2375000e+04
   1.0190000e+00   1.2328120e+04
