   0.0000000e+00   0.0000000e+00
   1.9000000e-02   4.0000000e+01
   3.9000000e-02   9.0000000e+01
   5.9000000e-02   1.3750000e+02
   7.9000000e-02   1.8750000e+02
   9.9000000e-02   2.3750000e+02
   1.1900000e-01   2.9000000e+02
   1.3900000e-01   3.3750000e+02
   1.5900000e-01   3.9000000e+02
   1.7900000e-01   4.4000000e+02
   1.9900000e-01   4.9000000e+02
   2.1900000e-01   5.3250000e+02
   2.3900000e-01   5.6250000e+02
   2.6000000e-01   5.8250000e+02
   2.7900000e-01   6.0000000e+02
   3.0000000e-01   6.1250000e+02
   3.1900000e-01   6.2250000e+02
   3.3900000e-01   6.3000000e+02
   3.5900000e-01   6.3500000e+02
   3.7900000e-01   6.3750000e+02
   3.9900000e-01   6.4250000e+02
   4.1900000e-01   6.4500000e+02
   4.3900000e-01   6.4750000e+02
   4.5900000e-01   6.5000000e+02
   4.9900000e-01   6.5250000e+02
   5.2000000e-01   6.5250000e+02
   5.3900000e-01   6.5250000e+02
   5.6000000e-01   6.5250000e+02
   5.7900000e-01   6.5250000e+02
   6.0000000e-01   6.5500000e+02
   6.1900000e-01   6.5250000e+02
   6.4000000e-01   6.5500000e+02
   6.5900000e-01   6.5500000e+02
   6.7900000e-01   6.5500000e+02
   6.9900000e-01   6.5500000e+02
   7.1900000e-01   6.5500000e+02
   7.3900000e-01   6.5500000e+02
   7.5900000e-01   6.5500000e+02
   7.7900000e-01   6.5500000e+02
   7.9900000e-01   6.5500000e+02
   8.2000000e-01   6.5500000e+02
   8.3900000e-01   6.5500000e+02
   8.6000000e-01   6.5500000e+02
   8.7900000e-01   6.5500000e+02
   9.0000000e-01   6.5750000e+02
   9.4000000e-01   6.5500000e+02
   9.5900000e-01   6.5500000e+02
   9.7900000e-01   6.5750000e+02
   9.9900000e-01   6.5500000e+02
   1.0190000e+00   6.5500000e+02
