   0.0000000e+00   0.0000000e+00
   2.0000000e-02   8.9970000e+01
   4.0000000e-02   2.0997000e+02
   6.1000000e-02   3.4000000e+02
   8.1000000e-02   4.6000000e+02
   1.0300000e-01   5.8997000e+02
   1.2300000e-01   7.2000000e+02
   1.4400000e-01   8.4000000e+02
   1.6500000e-01   9.6997000e+02
   1.8600000e-01   1.0800000e+03
   2.0600000e-01   1.1600000e+03
   2.2800000e-01   1.2099700e+03
   2.4800000e-01   1.2499700e+03
   2.7000000e-01   1.2899700e+03
   2.9000000e-01   1.3000000e+03
   3.1200000e-01   1.3200000e+03
   3.3200000e-01   1.3400000e+03
   3.5300000e-01   1.3400000e+03
   3.7400000e-01   1.3400000e+03
   3.9500000e-01   1.3600000e+03
   4.1600000e-01   1.3600000e+03
   4.3700000e-01   1.3600000e+03
   4.5800000e-01   1.3600000e+03
   4.7900000e-01   1.3600000e+03
   4.9900000e-01   1.3699700e+03
   5.2100000e-01   1.3699700e+03
   5.4100000e-01   1.3699700e+03
   5.6300000e-01   1.3600000e+03
   5.8300000e-01   1.3699700e+03
   6.0500000e-01   1.3699700e+03
   6.2500000e-01   1.3699700e+03
   6.4700000e-01   1.3800000e+03
   6.6700000e-01   1.3699700e+03
   6.8900000e-01   1.3699700e+03
   7.0900000e-01   1.3699700e+03
   7.3000000e-01   1.3699700e+03
   7.5100000e-01   1.3800000e+03
   7.7200000e-01   1.3699700e+03
   7.9300000e-01   1.3699700e+03
   8.1400000e-01   1.3699700e+03
   8.3500000e-01   1.3699700e+03
   8.5600000e-01   1.3699700e+03
   8.7700000e-01   1.3800000e+03
   8.9800000e-01   1.3699700e+03
   9.1900000e-01   1.3699700e+03
   9.4000000e-01   1.3699700e+03
   9.6000000e-01   1.3800000e+03
   9.8200000e-01   1.3699700e+03
   1.0020000e+00   1.3800000e+03
   1.0240000e+00   1.3699700e+03
